v0:	[92, 97, 3, 44, 35, 59, 51, 121, 105, 91, 43, 83, 38, 104, 133, 41, 89, 9, 111, 79, 116, 37, 15]
v1:	[67, 88, 46, 51, 77, 95, 83, 28, 86, 92, 3, 117, 32, 115, 136, 37, 125, 119, 79, 122, 7, 75, 74]
v2:	[11, 47, 56, 100, 142, 72, 63, 0, 43, 118, 129, 17, 83, 103, 81, 35, 132, 75, 141, 64, 18, 77, 46]
v3:	[54, 94, 80, 83, 113, 66, 56, 18, 70, 131, 29, 90, 107, 110, 77, 134, 7, 103, 68, 42, 38, 91, 25]
v4:	[15, 32, 131, 88, 133, 42, 47, 89, 125, 130, 96, 127, 59, 13, 21, 98, 41, 29, 109, 100, 45, 38, 56]
v5:	[124, 78, 129, 22, 104, 29, 114, 45, 130, 66, 28, 63, 133, 102, 38, 91, 83, 131, 25, 94, 37, 139, 79]
v6:	[42, 53, 96, 122, 80, 34, 119, 15, 9, 10, 29, 51, 21, 138, 78, 91, 67, 115, 19, 74, 11, 16, 109]
v7:	[3, 67, 138, 8, 63, 76, 81, 37, 30, 23, 102, 29, 83, 15, 64, 10, 108, 92, 65, 11, 109, 68, 85]
v8:	[131, 109, 122, 37, 113, 25, 132, 74, 63, 46, 95, 77, 142, 100, 32, 92, 141, 17, 47, 111, 127, 42, 102]
v9:	[37, 1, 11, 117, 81, 76, 107, 118, 64, 78, 18, 21, 59, 15, 85, 138, 141, 97, 42, 116, 96, 119, 41]
